%YAML:1.2
link2world_pose: !!opencv-matrix
  rows: 4
  cols: 4
  dt: d
  data: [0.63145, 0.751543, -0.190926, 0.0531433,
          0.481348, -0.572952, -0.663348, -0.0191293,
          -0.607925, 0.32697, -0.723545, 0.34092,
          0, 0, 0, 1 ]